A=7.3
B=25.55
C=132.13
C=132.13
C=132.13
C=40.15
C=40.15
C=40.15
D=30.0
D=32.142857142857146
D=30.0
D=30.0
D=32.142857142857146
D=10.0
E={10.0, 15.0}
B2=2.65
A=2.0
A=2.0
